-0.00000 -0.00000 -0.00000 -0.00000 -0.00001 -0.00001 -0.00001 -0.00001 -0.00001 -0.00002 -0.00002 -0.00002 -0.00003 -0.00003 -0.00004 -0.00004 -0.00005 -0.00005 -0.00006 -0.00006 -0.00007 -0.00007 -0.00007 -0.00008 -0.00008 -0.00008 -0.00008 -0.00008 -0.00007 -0.00007 -0.00007 -0.00006 -0.00006 -0.00005 -0.00005 -0.00004 -0.00004 -0.00003 -0.00003 -0.00002 -0.00002 -0.00002 -0.00001 -0.00001 -0.00001 -0.00001 -0.00001 -0.00000 -0.00000 -0.00000 -0.00000 
-0.00000 -0.00000 -0.00000 -0.00000 -0.00001 -0.00001 -0.00001 -0.00001 -0.00001 -0.00002 -0.00002 -0.00002 -0.00003 -0.00003 -0.00004 -0.00004 -0.00005 -0.00005 -0.00006 -0.00007 -0.00007 -0.00007 -0.00008 -0.00008 -0.00008 -0.00008 -0.00008 -0.00008 -0.00008 -0.00007 -0.00007 -0.00007 -0.00006 -0.00005 -0.00005 -0.00004 -0.00004 -0.00003 -0.00003 -0.00002 -0.00002 -0.00002 -0.00001 -0.00001 -0.00001 -0.00001 -0.00001 -0.00000 -0.00000 -0.00000 -0.00000 
-0.00000 -0.00000 -0.00000 -0.00001 -0.00001 -0.00001 -0.00001 -0.00001 -0.00002 -0.00002 -0.00002 -0.00003 -0.00003 -0.00004 -0.00004 -0.00005 -0.00006 -0.00006 -0.00007 -0.00008 -0.00008 -0.00009 -0.00009 -0.00009 -0.00009 -0.00010 -0.00009 -0.00009 -0.00009 -0.00009 -0.00008 -0.00008 -0.00007 -0.00006 -0.00006 -0.00005 -0.00004 -0.00004 -0.00003 -0.00003 -0.00002 -0.00002 -0.00002 -0.00001 -0.00001 -0.00001 -0.00001 -0.00001 -0.00000 -0.00000 -0.00000 
-0.00000 -0.00000 -0.00001 -0.00001 -0.00001 -0.00001 -0.00001 -0.00001 -0.00002 -0.00002 -0.00003 -0.00003 -0.00004 -0.00004 -0.00005 -0.00006 -0.00007 -0.00007 -0.00008 -0.00009 -0.00010 -0.00010 -0.00011 -0.00011 -0.00012 -0.00012 -0.00012 -0.00011 -0.00011 -0.00010 -0.00010 -0.00009 -0.00008 -0.00007 -0.00007 -0.00006 -0.00005 -0.00004 -0.00004 -0.00003 -0.00003 -0.00002 -0.00002 -0.00001 -0.00001 -0.00001 -0.00001 -0.00001 -0.00001 -0.00000 -0.00000 
-0.00001 -0.00001 -0.00001 -0.00001 -0.00001 -0.00001 -0.00001 -0.00002 -0.00002 -0.00003 -0.00003 -0.00004 -0.00005 -0.00006 -0.00006 -0.00007 -0.00008 -0.00009 -0.00010 -0.00011 -0.00012 -0.00013 -0.00014 -0.00014 -0.00015 -0.00015 -0.00015 -0.00014 -0.00014 -0.00013 -0.00012 -0.00011 -0.00010 -0.00009 -0.00008 -0.00007 -0.00006 -0.00006 -0.00005 -0.00004 -0.00003 -0.00003 -0.00002 -0.00002 -0.00001 -0.00001 -0.00001 -0.00001 -0.00001 -0.00001 -0.00001 
-0.00001 -0.00001 -0.00001 -0.00001 -0.00001 -0.00001 -0.00002 -0.00002 -0.00003 -0.00003 -0.00004 -0.00005 -0.00006 -0.00007 -0.00008 -0.00009 -0.00011 -0.00012 -0.00013 -0.00015 -0.00016 -0.00017 -0.00018 -0.00018 -0.00019 -0.00019 -0.00019 -0.00018 -0.00018 -0.00017 -0.00016 -0.00015 -0.00013 -0.00012 -0.00011 -0.00009 -0.00008 -0.00007 -0.00006 -0.00005 -0.00004 -0.00003 -0.00003 -0.00002 -0.00002 -0.00001 -0.00001 -0.00001 -0.00001 -0.00001 -0.00001 
-0.00001 -0.00001 -0.00001 -0.00001 -0.00001 -0.00002 -0.00002 -0.00003 -0.00003 -0.00004 -0.00005 -0.00006 -0.00007 -0.00009 -0.00010 -0.00012 -0.00014 -0.00016 -0.00017 -0.00019 -0.00020 -0.00022 -0.00023 -0.00024 -0.00024 -0.00025 -0.00024 -0.00024 -0.00023 -0.00022 -0.00020 -0.00019 -0.00017 -0.00016 -0.00014 -0.00012 -0.00010 -0.00009 -0.00007 -0.00006 -0.00005 -0.00004 -0.00003 -0.00003 -0.00002 -0.00002 -0.00001 -0.00001 -0.00001 -0.00001 -0.00001 
-0.00001 -0.00001 -0.00001 -0.00001 -0.00002 -0.00002 -0.00003 -0.00003 -0.00004 -0.00005 -0.00007 -0.00008 -0.00010 -0.00011 -0.00013 -0.00015 -0.00018 -0.00020 -0.00022 -0.00024 -0.00027 -0.00028 -0.00030 -0.00031 -0.00032 -0.00032 -0.00032 -0.00031 -0.00030 -0.00028 -0.00027 -0.00024 -0.00022 -0.00020 -0.00018 -0.00015 -0.00013 -0.00011 -0.00010 -0.00008 -0.00007 -0.00005 -0.00004 -0.00003 -0.00003 -0.00002 -0.00002 -0.00001 -0.00001 -0.00001 -0.00001 
-0.00001 -0.00001 -0.00002 -0.00002 -0.00002 -0.00003 -0.00003 -0.00004 -0.00005 -0.00007 -0.00008 -0.00010 -0.00012 -0.00014 -0.00017 -0.00020 -0.00023 -0.00026 -0.00029 -0.00032 -0.00035 -0.00037 -0.00039 -0.00041 -0.00042 -0.00042 -0.00042 -0.00041 -0.00039 -0.00037 -0.00035 -0.00032 -0.00029 -0.00026 -0.00023 -0.00020 -0.00017 -0.00014 -0.00012 -0.00010 -0.00008 -0.00007 -0.00005 -0.00004 -0.00003 -0.00003 -0.00002 -0.00002 -0.00002 -0.00001 -0.00001 
-0.00002 -0.00002 -0.00002 -0.00002 -0.00003 -0.00003 -0.00004 -0.00005 -0.00007 -0.00008 -0.00010 -0.00012 -0.00015 -0.00018 -0.00021 -0.00025 -0.00029 -0.00033 -0.00037 -0.00041 -0.00045 -0.00048 -0.00051 -0.00053 -0.00055 -0.00055 -0.00055 -0.00053 -0.00051 -0.00048 -0.00045 -0.00041 -0.00037 -0.00033 -0.00029 -0.00025 -0.00021 -0.00018 -0.00015 -0.00012 -0.00010 -0.00008 -0.00007 -0.00005 -0.00004 -0.00003 -0.00003 -0.00002 -0.00002 -0.00002 -0.00002 
-0.00002 -0.00002 -0.00002 -0.00003 -0.00003 -0.00004 -0.00005 -0.00007 -0.00008 -0.00010 -0.00013 -0.00016 -0.00019 -0.00023 -0.00027 -0.00032 -0.00036 -0.00042 -0.00047 -0.00053 -0.00057 -0.00062 -0.00066 -0.00069 -0.00071 -0.00072 -0.00071 -0.00069 -0.00066 -0.00062 -0.00057 -0.00053 -0.00047 -0.00042 -0.00036 -0.00032 -0.00027 -0.00023 -0.00019 -0.00016 -0.00013 -0.00010 -0.00008 -0.00007 -0.00005 -0.00004 -0.00003 -0.00003 -0.00002 -0.00002 -0.00002 
-0.00002 -0.00002 -0.00003 -0.00003 -0.00004 -0.00005 -0.00006 -0.00008 -0.00010 -0.00012 -0.00016 -0.00019 -0.00023 -0.00028 -0.00034 -0.00039 -0.00046 -0.00053 -0.00060 -0.00067 -0.00074 -0.00080 -0.00085 -0.00089 -0.00092 -0.00092 -0.00092 -0.00089 -0.00085 -0.00080 -0.00074 -0.00067 -0.00060 -0.00053 -0.00046 -0.00039 -0.00034 -0.00028 -0.00023 -0.00019 -0.00016 -0.00012 -0.00010 -0.00008 -0.00006 -0.00005 -0.00004 -0.00003 -0.00003 -0.00002 -0.00002 
-0.00003 -0.00003 -0.00003 -0.00004 -0.00005 -0.00006 -0.00007 -0.00010 -0.00012 -0.00015 -0.00019 -0.00023 -0.00028 -0.00035 -0.00041 -0.00049 -0.00057 -0.00066 -0.00075 -0.00085 -0.00094 -0.00102 -0.00109 -0.00115 -0.00118 -0.00120 -0.00118 -0.00115 -0.00109 -0.00102 -0.00094 -0.00085 -0.00075 -0.00066 -0.00057 -0.00049 -0.00041 -0.00035 -0.00028 -0.00023 -0.00019 -0.00015 -0.00012 -0.00010 -0.00007 -0.00006 -0.00005 -0.00004 -0.00003 -0.00003 -0.00003 
-0.00003 -0.00003 -0.00004 -0.00004 -0.00006 -0.00007 -0.00009 -0.00011 -0.00014 -0.00018 -0.00023 -0.00028 -0.00035 -0.00042 -0.00051 -0.00060 -0.00071 -0.00082 -0.00095 -0.00106 -0.00119 -0.00130 -0.00140 -0.00147 -0.00152 -0.00153 -0.00152 -0.00147 -0.00140 -0.00130 -0.00119 -0.00106 -0.00095 -0.00082 -0.00071 -0.00060 -0.00051 -0.00042 -0.00035 -0.00028 -0.00023 -0.00018 -0.00014 -0.00011 -0.00009 -0.00007 -0.00006 -0.00004 -0.00004 -0.00003 -0.00003 
-0.00004 -0.00004 -0.00004 -0.00005 -0.00006 -0.00008 -0.00010 -0.00013 -0.00017 -0.00021 -0.00027 -0.00034 -0.00041 -0.00051 -0.00061 -0.00073 -0.00087 -0.00102 -0.00117 -0.00134 -0.00149 -0.00165 -0.00178 -0.00189 -0.00195 -0.00198 -0.00195 -0.00189 -0.00178 -0.00165 -0.00149 -0.00134 -0.00117 -0.00102 -0.00087 -0.00073 -0.00061 -0.00051 -0.00041 -0.00034 -0.00027 -0.00021 -0.00017 -0.00013 -0.00010 -0.00008 -0.00006 -0.00005 -0.00004 -0.00004 -0.00004 
-0.00004 -0.00004 -0.00005 -0.00006 -0.00007 -0.00009 -0.00012 -0.00015 -0.00020 -0.00025 -0.00032 -0.00039 -0.00049 -0.00060 -0.00073 -0.00088 -0.00106 -0.00124 -0.00145 -0.00166 -0.00188 -0.00208 -0.00227 -0.00241 -0.00252 -0.00254 -0.00252 -0.00241 -0.00227 -0.00208 -0.00188 -0.00166 -0.00145 -0.00124 -0.00106 -0.00088 -0.00073 -0.00060 -0.00049 -0.00039 -0.00032 -0.00025 -0.00020 -0.00015 -0.00012 -0.00009 -0.00007 -0.00006 -0.00005 -0.00004 -0.00004 
-0.00005 -0.00005 -0.00006 -0.00007 -0.00008 -0.00011 -0.00014 -0.00018 -0.00023 -0.00029 -0.00036 -0.00046 -0.00057 -0.00071 -0.00087 -0.00106 -0.00126 -0.00151 -0.00177 -0.00206 -0.00234 -0.00263 -0.00288 -0.00310 -0.00323 -0.00329 -0.00323 -0.00310 -0.00288 -0.00263 -0.00234 -0.00206 -0.00177 -0.00151 -0.00126 -0.00106 -0.00087 -0.00071 -0.00057 -0.00046 -0.00036 -0.00029 -0.00023 -0.00018 -0.00014 -0.00011 -0.00008 -0.00007 -0.00006 -0.00005 -0.00005 
-0.00005 -0.00005 -0.00006 -0.00007 -0.00009 -0.00012 -0.00016 -0.00020 -0.00026 -0.00033 -0.00042 -0.00053 -0.00066 -0.00082 -0.00102 -0.00124 -0.00151 -0.00181 -0.00215 -0.00252 -0.00292 -0.00330 -0.00368 -0.00397 -0.00419 -0.00425 -0.00419 -0.00397 -0.00368 -0.00330 -0.00292 -0.00252 -0.00215 -0.00181 -0.00151 -0.00124 -0.00102 -0.00082 -0.00066 -0.00053 -0.00042 -0.00033 -0.00026 -0.00020 -0.00016 -0.00012 -0.00009 -0.00007 -0.00006 -0.00005 -0.00005 
-0.00006 -0.00006 -0.00007 -0.00008 -0.00010 -0.00013 -0.00017 -0.00022 -0.00029 -0.00037 -0.00047 -0.00060 -0.00075 -0.00095 -0.00117 -0.00145 -0.00177 -0.00215 -0.00258 -0.00308 -0.00360 -0.00415 -0.00467 -0.00514 -0.00545 -0.00557 -0.00545 -0.00514 -0.00467 -0.00415 -0.00360 -0.00308 -0.00258 -0.00215 -0.00177 -0.00145 -0.00117 -0.00095 -0.00075 -0.00060 -0.00047 -0.00037 -0.00029 -0.00022 -0.00017 -0.00013 -0.00010 -0.00008 -0.00007 -0.00006 -0.00006 
-0.00006 -0.00007 -0.00008 -0.00009 -0.00011 -0.00015 -0.00019 -0.00024 -0.00032 -0.00041 -0.00053 -0.00067 -0.00085 -0.00106 -0.00134 -0.00166 -0.00206 -0.00252 -0.00308 -0.00370 -0.00443 -0.00519 -0.00598 -0.00667 -0.00719 -0.00737 -0.00719 -0.00667 -0.00598 -0.00519 -0.00443 -0.00370 -0.00308 -0.00252 -0.00206 -0.00166 -0.00134 -0.00106 -0.00085 -0.00067 -0.00053 -0.00041 -0.00032 -0.00024 -0.00019 -0.00015 -0.00011 -0.00009 -0.00008 -0.00007 -0.00006 
-0.00007 -0.00007 -0.00008 -0.00010 -0.00012 -0.00016 -0.00020 -0.00027 -0.00035 -0.00045 -0.00057 -0.00074 -0.00094 -0.00119 -0.00149 -0.00188 -0.00234 -0.00292 -0.00360 -0.00443 -0.00538 -0.00648 -0.00764 -0.00878 -0.00965 -0.01001 -0.00965 -0.00878 -0.00764 -0.00648 -0.00538 -0.00443 -0.00360 -0.00292 -0.00234 -0.00188 -0.00149 -0.00119 -0.00094 -0.00074 -0.00057 -0.00045 -0.00035 -0.00027 -0.00020 -0.00016 -0.00012 -0.00010 -0.00008 -0.00007 -0.00007 
-0.00007 -0.00007 -0.00009 -0.00010 -0.00013 -0.00017 -0.00022 -0.00028 -0.00037 -0.00048 -0.00062 -0.00080 -0.00102 -0.00130 -0.00165 -0.00208 -0.00263 -0.00330 -0.00415 -0.00519 -0.00648 -0.00801 -0.00981 -0.01169 -0.01335 -0.01410 -0.01335 -0.01169 -0.00981 -0.00801 -0.00648 -0.00519 -0.00415 -0.00330 -0.00263 -0.00208 -0.00165 -0.00130 -0.00102 -0.00080 -0.00062 -0.00048 -0.00037 -0.00028 -0.00022 -0.00017 -0.00013 -0.00010 -0.00009 -0.00007 -0.00007 
-0.00007 -0.00008 -0.00009 -0.00011 -0.00014 -0.00018 -0.00023 -0.00030 -0.00039 -0.00051 -0.00066 -0.00085 -0.00109 -0.00140 -0.00178 -0.00227 -0.00288 -0.00368 -0.00467 -0.00598 -0.00764 -0.00981 -0.01255 -0.01587 -0.01927 -0.02129 -0.01927 -0.01587 -0.01255 -0.00981 -0.00764 -0.00598 -0.00467 -0.00368 -0.00288 -0.00227 -0.00178 -0.00140 -0.00109 -0.00085 -0.00066 -0.00051 -0.00039 -0.00030 -0.00023 -0.00018 -0.00014 -0.00011 -0.00009 -0.00008 -0.00007 
-0.00008 -0.00008 -0.00009 -0.00011 -0.00014 -0.00018 -0.00024 -0.00031 -0.00041 -0.00053 -0.00069 -0.00089 -0.00115 -0.00147 -0.00189 -0.00241 -0.00310 -0.00397 -0.00514 -0.00667 -0.00878 -0.01169 -0.01587 -0.02178 -0.02964 -0.03658 -0.02964 -0.02178 -0.01587 -0.01169 -0.00878 -0.00667 -0.00514 -0.00397 -0.00310 -0.00241 -0.00189 -0.00147 -0.00115 -0.00089 -0.00069 -0.00053 -0.00041 -0.00031 -0.00024 -0.00018 -0.00014 -0.00011 -0.00009 -0.00008 -0.00008 
-0.00008 -0.00008 -0.00009 -0.00012 -0.00015 -0.00019 -0.00024 -0.00032 -0.00042 -0.00055 -0.00071 -0.00092 -0.00118 -0.00152 -0.00195 -0.00252 -0.00323 -0.00419 -0.00545 -0.00719 -0.00965 -0.01335 -0.01927 -0.02964 -0.04886 -0.07973 -0.04886 -0.02964 -0.01927 -0.01335 -0.00965 -0.00719 -0.00545 -0.00419 -0.00323 -0.00252 -0.00195 -0.00152 -0.00118 -0.00092 -0.00071 -0.00055 -0.00042 -0.00032 -0.00024 -0.00019 -0.00015 -0.00012 -0.00009 -0.00008 -0.00008 
-0.00008 -0.00008 -0.00010 -0.00012 -0.00015 -0.00019 -0.00025 -0.00032 -0.00042 -0.00055 -0.00072 -0.00092 -0.00120 -0.00153 -0.00198 -0.00254 -0.00329 -0.00425 -0.00557 -0.00737 -0.01001 -0.01410 -0.02129 -0.03658 -0.07973 -0.24638 -0.07973 -0.03658 -0.02129 -0.01410 -0.01001 -0.00737 -0.00557 -0.00425 -0.00329 -0.00254 -0.00198 -0.00153 -0.00120 -0.00092 -0.00072 -0.00055 -0.00042 -0.00032 -0.00025 -0.00019 -0.00015 -0.00012 -0.00010 -0.00008 -0.00008 
-0.00008 -0.00008 -0.00009 -0.00012 -0.00015 -0.00019 -0.00024 -0.00032 -0.00042 -0.00055 -0.00071 -0.00092 -0.00118 -0.00152 -0.00195 -0.00252 -0.00323 -0.00419 -0.00545 -0.00719 -0.00965 -0.01335 -0.01927 -0.02964 -0.04886 -0.07973 -0.04886 -0.02964 -0.01927 -0.01335 -0.00965 -0.00719 -0.00545 -0.00419 -0.00323 -0.00252 -0.00195 -0.00152 -0.00118 -0.00092 -0.00071 -0.00055 -0.00042 -0.00032 -0.00024 -0.00019 -0.00015 -0.00012 -0.00009 -0.00008 -0.00008 
-0.00008 -0.00008 -0.00009 -0.00011 -0.00014 -0.00018 -0.00024 -0.00031 -0.00041 -0.00053 -0.00069 -0.00089 -0.00115 -0.00147 -0.00189 -0.00241 -0.00310 -0.00397 -0.00514 -0.00667 -0.00878 -0.01169 -0.01587 -0.02178 -0.02964 -0.03658 -0.02964 -0.02178 -0.01587 -0.01169 -0.00878 -0.00667 -0.00514 -0.00397 -0.00310 -0.00241 -0.00189 -0.00147 -0.00115 -0.00089 -0.00069 -0.00053 -0.00041 -0.00031 -0.00024 -0.00018 -0.00014 -0.00011 -0.00009 -0.00008 -0.00008 
-0.00007 -0.00008 -0.00009 -0.00011 -0.00014 -0.00018 -0.00023 -0.00030 -0.00039 -0.00051 -0.00066 -0.00085 -0.00109 -0.00140 -0.00178 -0.00227 -0.00288 -0.00368 -0.00467 -0.00598 -0.00764 -0.00981 -0.01255 -0.01587 -0.01927 -0.02129 -0.01927 -0.01587 -0.01255 -0.00981 -0.00764 -0.00598 -0.00467 -0.00368 -0.00288 -0.00227 -0.00178 -0.00140 -0.00109 -0.00085 -0.00066 -0.00051 -0.00039 -0.00030 -0.00023 -0.00018 -0.00014 -0.00011 -0.00009 -0.00008 -0.00007 
-0.00007 -0.00007 -0.00009 -0.00010 -0.00013 -0.00017 -0.00022 -0.00028 -0.00037 -0.00048 -0.00062 -0.00080 -0.00102 -0.00130 -0.00165 -0.00208 -0.00263 -0.00330 -0.00415 -0.00519 -0.00648 -0.00801 -0.00981 -0.01169 -0.01335 -0.01410 -0.01335 -0.01169 -0.00981 -0.00801 -0.00648 -0.00519 -0.00415 -0.00330 -0.00263 -0.00208 -0.00165 -0.00130 -0.00102 -0.00080 -0.00062 -0.00048 -0.00037 -0.00028 -0.00022 -0.00017 -0.00013 -0.00010 -0.00009 -0.00007 -0.00007 
-0.00007 -0.00007 -0.00008 -0.00010 -0.00012 -0.00016 -0.00020 -0.00027 -0.00035 -0.00045 -0.00057 -0.00074 -0.00094 -0.00119 -0.00149 -0.00188 -0.00234 -0.00292 -0.00360 -0.00443 -0.00538 -0.00648 -0.00764 -0.00878 -0.00965 -0.01001 -0.00965 -0.00878 -0.00764 -0.00648 -0.00538 -0.00443 -0.00360 -0.00292 -0.00234 -0.00188 -0.00149 -0.00119 -0.00094 -0.00074 -0.00057 -0.00045 -0.00035 -0.00027 -0.00020 -0.00016 -0.00012 -0.00010 -0.00008 -0.00007 -0.00007 
-0.00006 -0.00007 -0.00008 -0.00009 -0.00011 -0.00015 -0.00019 -0.00024 -0.00032 -0.00041 -0.00053 -0.00067 -0.00085 -0.00106 -0.00134 -0.00166 -0.00206 -0.00252 -0.00308 -0.00370 -0.00443 -0.00519 -0.00598 -0.00667 -0.00719 -0.00737 -0.00719 -0.00667 -0.00598 -0.00519 -0.00443 -0.00370 -0.00308 -0.00252 -0.00206 -0.00166 -0.00134 -0.00106 -0.00085 -0.00067 -0.00053 -0.00041 -0.00032 -0.00024 -0.00019 -0.00015 -0.00011 -0.00009 -0.00008 -0.00007 -0.00006 
-0.00006 -0.00006 -0.00007 -0.00008 -0.00010 -0.00013 -0.00017 -0.00022 -0.00029 -0.00037 -0.00047 -0.00060 -0.00075 -0.00095 -0.00117 -0.00145 -0.00177 -0.00215 -0.00258 -0.00308 -0.00360 -0.00415 -0.00467 -0.00514 -0.00545 -0.00557 -0.00545 -0.00514 -0.00467 -0.00415 -0.00360 -0.00308 -0.00258 -0.00215 -0.00177 -0.00145 -0.00117 -0.00095 -0.00075 -0.00060 -0.00047 -0.00037 -0.00029 -0.00022 -0.00017 -0.00013 -0.00010 -0.00008 -0.00007 -0.00006 -0.00006 
-0.00005 -0.00005 -0.00006 -0.00007 -0.00009 -0.00012 -0.00016 -0.00020 -0.00026 -0.00033 -0.00042 -0.00053 -0.00066 -0.00082 -0.00102 -0.00124 -0.00151 -0.00181 -0.00215 -0.00252 -0.00292 -0.00330 -0.00368 -0.00397 -0.00419 -0.00425 -0.00419 -0.00397 -0.00368 -0.00330 -0.00292 -0.00252 -0.00215 -0.00181 -0.00151 -0.00124 -0.00102 -0.00082 -0.00066 -0.00053 -0.00042 -0.00033 -0.00026 -0.00020 -0.00016 -0.00012 -0.00009 -0.00007 -0.00006 -0.00005 -0.00005 
-0.00005 -0.00005 -0.00006 -0.00007 -0.00008 -0.00011 -0.00014 -0.00018 -0.00023 -0.00029 -0.00036 -0.00046 -0.00057 -0.00071 -0.00087 -0.00106 -0.00126 -0.00151 -0.00177 -0.00206 -0.00234 -0.00263 -0.00288 -0.00310 -0.00323 -0.00329 -0.00323 -0.00310 -0.00288 -0.00263 -0.00234 -0.00206 -0.00177 -0.00151 -0.00126 -0.00106 -0.00087 -0.00071 -0.00057 -0.00046 -0.00036 -0.00029 -0.00023 -0.00018 -0.00014 -0.00011 -0.00008 -0.00007 -0.00006 -0.00005 -0.00005 
-0.00004 -0.00004 -0.00005 -0.00006 -0.00007 -0.00009 -0.00012 -0.00015 -0.00020 -0.00025 -0.00032 -0.00039 -0.00049 -0.00060 -0.00073 -0.00088 -0.00106 -0.00124 -0.00145 -0.00166 -0.00188 -0.00208 -0.00227 -0.00241 -0.00252 -0.00254 -0.00252 -0.00241 -0.00227 -0.00208 -0.00188 -0.00166 -0.00145 -0.00124 -0.00106 -0.00088 -0.00073 -0.00060 -0.00049 -0.00039 -0.00032 -0.00025 -0.00020 -0.00015 -0.00012 -0.00009 -0.00007 -0.00006 -0.00005 -0.00004 -0.00004 
-0.00004 -0.00004 -0.00004 -0.00005 -0.00006 -0.00008 -0.00010 -0.00013 -0.00017 -0.00021 -0.00027 -0.00034 -0.00041 -0.00051 -0.00061 -0.00073 -0.00087 -0.00102 -0.00117 -0.00134 -0.00149 -0.00165 -0.00178 -0.00189 -0.00195 -0.00198 -0.00195 -0.00189 -0.00178 -0.00165 -0.00149 -0.00134 -0.00117 -0.00102 -0.00087 -0.00073 -0.00061 -0.00051 -0.00041 -0.00034 -0.00027 -0.00021 -0.00017 -0.00013 -0.00010 -0.00008 -0.00006 -0.00005 -0.00004 -0.00004 -0.00004 
-0.00003 -0.00003 -0.00004 -0.00004 -0.00006 -0.00007 -0.00009 -0.00011 -0.00014 -0.00018 -0.00023 -0.00028 -0.00035 -0.00042 -0.00051 -0.00060 -0.00071 -0.00082 -0.00095 -0.00106 -0.00119 -0.00130 -0.00140 -0.00147 -0.00152 -0.00153 -0.00152 -0.00147 -0.00140 -0.00130 -0.00119 -0.00106 -0.00095 -0.00082 -0.00071 -0.00060 -0.00051 -0.00042 -0.00035 -0.00028 -0.00023 -0.00018 -0.00014 -0.00011 -0.00009 -0.00007 -0.00006 -0.00004 -0.00004 -0.00003 -0.00003 
-0.00003 -0.00003 -0.00003 -0.00004 -0.00005 -0.00006 -0.00007 -0.00010 -0.00012 -0.00015 -0.00019 -0.00023 -0.00028 -0.00035 -0.00041 -0.00049 -0.00057 -0.00066 -0.00075 -0.00085 -0.00094 -0.00102 -0.00109 -0.00115 -0.00118 -0.00120 -0.00118 -0.00115 -0.00109 -0.00102 -0.00094 -0.00085 -0.00075 -0.00066 -0.00057 -0.00049 -0.00041 -0.00035 -0.00028 -0.00023 -0.00019 -0.00015 -0.00012 -0.00010 -0.00007 -0.00006 -0.00005 -0.00004 -0.00003 -0.00003 -0.00003 
-0.00002 -0.00002 -0.00003 -0.00003 -0.00004 -0.00005 -0.00006 -0.00008 -0.00010 -0.00012 -0.00016 -0.00019 -0.00023 -0.00028 -0.00034 -0.00039 -0.00046 -0.00053 -0.00060 -0.00067 -0.00074 -0.00080 -0.00085 -0.00089 -0.00092 -0.00092 -0.00092 -0.00089 -0.00085 -0.00080 -0.00074 -0.00067 -0.00060 -0.00053 -0.00046 -0.00039 -0.00034 -0.00028 -0.00023 -0.00019 -0.00016 -0.00012 -0.00010 -0.00008 -0.00006 -0.00005 -0.00004 -0.00003 -0.00003 -0.00002 -0.00002 
-0.00002 -0.00002 -0.00002 -0.00003 -0.00003 -0.00004 -0.00005 -0.00007 -0.00008 -0.00010 -0.00013 -0.00016 -0.00019 -0.00023 -0.00027 -0.00032 -0.00036 -0.00042 -0.00047 -0.00053 -0.00057 -0.00062 -0.00066 -0.00069 -0.00071 -0.00072 -0.00071 -0.00069 -0.00066 -0.00062 -0.00057 -0.00053 -0.00047 -0.00042 -0.00036 -0.00032 -0.00027 -0.00023 -0.00019 -0.00016 -0.00013 -0.00010 -0.00008 -0.00007 -0.00005 -0.00004 -0.00003 -0.00003 -0.00002 -0.00002 -0.00002 
-0.00002 -0.00002 -0.00002 -0.00002 -0.00003 -0.00003 -0.00004 -0.00005 -0.00007 -0.00008 -0.00010 -0.00012 -0.00015 -0.00018 -0.00021 -0.00025 -0.00029 -0.00033 -0.00037 -0.00041 -0.00045 -0.00048 -0.00051 -0.00053 -0.00055 -0.00055 -0.00055 -0.00053 -0.00051 -0.00048 -0.00045 -0.00041 -0.00037 -0.00033 -0.00029 -0.00025 -0.00021 -0.00018 -0.00015 -0.00012 -0.00010 -0.00008 -0.00007 -0.00005 -0.00004 -0.00003 -0.00003 -0.00002 -0.00002 -0.00002 -0.00002 
-0.00001 -0.00001 -0.00002 -0.00002 -0.00002 -0.00003 -0.00003 -0.00004 -0.00005 -0.00007 -0.00008 -0.00010 -0.00012 -0.00014 -0.00017 -0.00020 -0.00023 -0.00026 -0.00029 -0.00032 -0.00035 -0.00037 -0.00039 -0.00041 -0.00042 -0.00042 -0.00042 -0.00041 -0.00039 -0.00037 -0.00035 -0.00032 -0.00029 -0.00026 -0.00023 -0.00020 -0.00017 -0.00014 -0.00012 -0.00010 -0.00008 -0.00007 -0.00005 -0.00004 -0.00003 -0.00003 -0.00002 -0.00002 -0.00002 -0.00001 -0.00001 
-0.00001 -0.00001 -0.00001 -0.00001 -0.00002 -0.00002 -0.00003 -0.00003 -0.00004 -0.00005 -0.00007 -0.00008 -0.00010 -0.00011 -0.00013 -0.00015 -0.00018 -0.00020 -0.00022 -0.00024 -0.00027 -0.00028 -0.00030 -0.00031 -0.00032 -0.00032 -0.00032 -0.00031 -0.00030 -0.00028 -0.00027 -0.00024 -0.00022 -0.00020 -0.00018 -0.00015 -0.00013 -0.00011 -0.00010 -0.00008 -0.00007 -0.00005 -0.00004 -0.00003 -0.00003 -0.00002 -0.00002 -0.00001 -0.00001 -0.00001 -0.00001 
-0.00001 -0.00001 -0.00001 -0.00001 -0.00001 -0.00002 -0.00002 -0.00003 -0.00003 -0.00004 -0.00005 -0.00006 -0.00007 -0.00009 -0.00010 -0.00012 -0.00014 -0.00016 -0.00017 -0.00019 -0.00020 -0.00022 -0.00023 -0.00024 -0.00024 -0.00025 -0.00024 -0.00024 -0.00023 -0.00022 -0.00020 -0.00019 -0.00017 -0.00016 -0.00014 -0.00012 -0.00010 -0.00009 -0.00007 -0.00006 -0.00005 -0.00004 -0.00003 -0.00003 -0.00002 -0.00002 -0.00001 -0.00001 -0.00001 -0.00001 -0.00001 
-0.00001 -0.00001 -0.00001 -0.00001 -0.00001 -0.00001 -0.00002 -0.00002 -0.00003 -0.00003 -0.00004 -0.00005 -0.00006 -0.00007 -0.00008 -0.00009 -0.00011 -0.00012 -0.00013 -0.00015 -0.00016 -0.00017 -0.00018 -0.00018 -0.00019 -0.00019 -0.00019 -0.00018 -0.00018 -0.00017 -0.00016 -0.00015 -0.00013 -0.00012 -0.00011 -0.00009 -0.00008 -0.00007 -0.00006 -0.00005 -0.00004 -0.00003 -0.00003 -0.00002 -0.00002 -0.00001 -0.00001 -0.00001 -0.00001 -0.00001 -0.00001 
-0.00001 -0.00001 -0.00001 -0.00001 -0.00001 -0.00001 -0.00001 -0.00002 -0.00002 -0.00003 -0.00003 -0.00004 -0.00005 -0.00006 -0.00006 -0.00007 -0.00008 -0.00009 -0.00010 -0.00011 -0.00012 -0.00013 -0.00014 -0.00014 -0.00015 -0.00015 -0.00015 -0.00014 -0.00014 -0.00013 -0.00012 -0.00011 -0.00010 -0.00009 -0.00008 -0.00007 -0.00006 -0.00006 -0.00005 -0.00004 -0.00003 -0.00003 -0.00002 -0.00002 -0.00001 -0.00001 -0.00001 -0.00001 -0.00001 -0.00001 -0.00001 
-0.00000 -0.00000 -0.00001 -0.00001 -0.00001 -0.00001 -0.00001 -0.00001 -0.00002 -0.00002 -0.00003 -0.00003 -0.00004 -0.00004 -0.00005 -0.00006 -0.00007 -0.00007 -0.00008 -0.00009 -0.00010 -0.00010 -0.00011 -0.00011 -0.00012 -0.00012 -0.00012 -0.00011 -0.00011 -0.00010 -0.00010 -0.00009 -0.00008 -0.00007 -0.00007 -0.00006 -0.00005 -0.00004 -0.00004 -0.00003 -0.00003 -0.00002 -0.00002 -0.00001 -0.00001 -0.00001 -0.00001 -0.00001 -0.00001 -0.00000 -0.00000 
-0.00000 -0.00000 -0.00000 -0.00001 -0.00001 -0.00001 -0.00001 -0.00001 -0.00002 -0.00002 -0.00002 -0.00003 -0.00003 -0.00004 -0.00004 -0.00005 -0.00006 -0.00006 -0.00007 -0.00008 -0.00008 -0.00009 -0.00009 -0.00009 -0.00009 -0.00010 -0.00009 -0.00009 -0.00009 -0.00009 -0.00008 -0.00008 -0.00007 -0.00006 -0.00006 -0.00005 -0.00004 -0.00004 -0.00003 -0.00003 -0.00002 -0.00002 -0.00002 -0.00001 -0.00001 -0.00001 -0.00001 -0.00001 -0.00000 -0.00000 -0.00000 
-0.00000 -0.00000 -0.00000 -0.00000 -0.00001 -0.00001 -0.00001 -0.00001 -0.00001 -0.00002 -0.00002 -0.00002 -0.00003 -0.00003 -0.00004 -0.00004 -0.00005 -0.00005 -0.00006 -0.00007 -0.00007 -0.00007 -0.00008 -0.00008 -0.00008 -0.00008 -0.00008 -0.00008 -0.00008 -0.00007 -0.00007 -0.00007 -0.00006 -0.00005 -0.00005 -0.00004 -0.00004 -0.00003 -0.00003 -0.00002 -0.00002 -0.00002 -0.00001 -0.00001 -0.00001 -0.00001 -0.00001 -0.00000 -0.00000 -0.00000 -0.00000 
-0.00000 -0.00000 -0.00000 -0.00000 -0.00001 -0.00001 -0.00001 -0.00001 -0.00001 -0.00002 -0.00002 -0.00002 -0.00003 -0.00003 -0.00004 -0.00004 -0.00005 -0.00005 -0.00006 -0.00006 -0.00007 -0.00007 -0.00007 -0.00008 -0.00008 -0.00008 -0.00008 -0.00008 -0.00007 -0.00007 -0.00007 -0.00006 -0.00006 -0.00005 -0.00005 -0.00004 -0.00004 -0.00003 -0.00003 -0.00002 -0.00002 -0.00002 -0.00001 -0.00001 -0.00001 -0.00001 -0.00001 -0.00000 -0.00000 -0.00000 -0.00000 
